930,5
930,4
930,3
930,2
930,1
930,0
927,7
927,6
927,5
927,4
927,3
927,2
927,1
927,0
924,5
924,4
924,3
924,2
924,1
924,0
923,11
923,10
923,9
923,8
923,7
923,6
923,5
923,4
923,3
923,2
10,173
923,1
923,0
920,3
920,2
10,253
920,1
920,0
10,29
10,103
919,4
919,3
919,2
10,195
919,1
919,0
10,153
918,4
918,3
918,2
10,25
918,1
918,0
11,30
11,29
10,248
11,26
11,27
11,14
11,13
11,12
11,10
11,19
11,25
11,28
11,11
11,6
9,4
9,6
8,9
8,11
8,6
8,14
8,7
12,2
12,1
12,3
11,8
11,3
11,2
11,1
20,2
20,1
10,292
10,197
20,3
19,2
19,1
10,180
19,3
10,148
10,106
10,94
10,11
10,10
10,3
10,2
10,1
9,7
9,5
9,3
9,2
9,1
8,18
8,17
8,8
8,5
18,1
18,3
14,1
14,3
13,1
13,3
8,4
